
Estimated rates for sites from AAML.
(((EBO12744.1: 0.230880, (OM-RGC.v2.015137236.2: 0.017728, OceanDNA-b25611@OceanDNA-b25611_00006_13: 0.006084): 0.007646): 0.293653, (((SAMEA2623116_2402565_6: 0.012347, OceanDNA-b25685@OceanDNA-b25685_00021_13: 0.012331): 0.000001, OceanDNA-b25652@OceanDNA-b25652_00061_3: 0.042124): 0.156436, SAMEA2623116_2556763: 0.235834): 0.075738): 0.147655, (((GCA_000163555.2@EMH79960.1: 0.000001, (SAMEA2619766_9993_9: 0.016553, OceanDNA-b25508@OceanDNA-b25508_00154_3: 0.024711): 0.046135): 0.303366, (((ECO62707.1: 0.031560, EBU83961.1: 0.021711): 0.046872, (OceanDNA-b25529@OceanDNA-b25529_00008_3: 0.011667, OceanDNA-b25524@OceanDNA-b25524_00164_3: 0.000001): 0.058110): 0.118172, (SAMEA2619766_6745_13: 0.050915, OceanDNA-b25506@OceanDNA-b25506_00047_5: 0.094176): 0.051673): 0.036350): 0.163927, (GCA_002691705.1@NZIR01000010.1_42: 0.016596, GCA_902517865.1@CABYDT010000004.1_93: 0.011308): 0.338253): 0.058852);

Frequencies and rates for categories (K=4)
rate:  0.13695  0.47675  1.00000  2.38629
freq:  0.25000  0.25000  0.25000  0.25000

Posterior probabilities for site classes, by site

     1      0.8097    0.1736    0.0167    0.0000
     2      0.6246    0.2849    0.0865    0.0041
     3      0.1314    0.4765    0.3580    0.0340
     4      0.0096    0.1760    0.4746    0.3398
     5      0.0093    0.1791    0.4991    0.3125
     6      0.0056    0.1144    0.3798    0.5002
     7      0.1035    0.4422    0.4067    0.0476
     8      0.7036    0.2452    0.0502    0.0010
     9      0.7323    0.2274    0.0397    0.0006
    10      0.6496    0.2725    0.0747    0.0032
    11      0.3615    0.4399    0.1898    0.0088
    12      0.6736    0.2604    0.0638    0.0023
    13      0.4889    0.3176    0.1642    0.0293
    14      0.0802    0.3872    0.4359    0.0967
    15      0.3170    0.4349    0.2292    0.0189
    16      0.0568    0.3206    0.4541    0.1685
    17      0.7403    0.2212    0.0378    0.0007
    18      0.0007    0.0519    0.3371    0.6103
    19      0.8097    0.1736    0.0167    0.0000
    20      0.1167    0.4549    0.3810    0.0474
    21      0.6640    0.2671    0.0670    0.0020
    22      0.6640    0.2671    0.0670    0.0020
    23      0.3576    0.4384    0.1937    0.0103
    24      0.0000    0.0016    0.0587    0.9397
    25      0.2825    0.4277    0.2597    0.0301
    26      0.6736    0.2604    0.0638    0.0023
    27      0.0000    0.0020    0.0649    0.9332
    28      0.6518    0.2712    0.0738    0.0032
    29      0.4889    0.3176    0.1642    0.0293
    30      0.5556    0.3079    0.1247    0.0117
    31      0.2896    0.4291    0.2533    0.0280
    32      0.0003    0.0244    0.2054    0.7699
    33      0.6518    0.2712    0.0738    0.0032
    34      0.4010    0.4342    0.1593    0.0055
    35      0.0048    0.1108    0.4028    0.4816
    36      0.1572    0.3452    0.3588    0.1388
    37      0.6496    0.2725    0.0747    0.0032
    38      0.5334    0.3121    0.1379    0.0166
    39      0.0019    0.0538    0.2600    0.6844
    40      0.0034    0.1602    0.5601    0.2762
    41      0.3931    0.4354    0.1653    0.0062
    42      0.3089    0.4400    0.2344    0.0167
    43      0.2930    0.4301    0.2501    0.0269
    44      0.6640    0.2671    0.0670    0.0020
    45      0.3290    0.4321    0.2190    0.0199
    46      0.1398    0.3852    0.3863    0.0888
    47      0.7036    0.2452    0.0502    0.0010
    48      0.3685    0.4389    0.1844    0.0083
    49      0.0001    0.0209    0.2335    0.7456
    50      0.6518    0.2712    0.0738    0.0032
    51      0.6640    0.2671    0.0670    0.0020
    52      0.4721    0.4138    0.1122    0.0020
    53      0.1323    0.4758    0.3564    0.0356
    54      0.4889    0.3176    0.1642    0.0293
    55      0.6496    0.2725    0.0747    0.0032
    56      0.0010    0.0658    0.3716    0.5615
    57      0.0004    0.0343    0.2551    0.7102
    58      0.8097    0.1736    0.0167    0.0000
    59      0.0000    0.0064    0.1089    0.8847
    60      0.0000    0.0056    0.0816    0.9128
    61      0.6736    0.2604    0.0638    0.0023
    62      0.6736    0.2604    0.0638    0.0023
    63      0.0007    0.0495    0.3176    0.6322
    64      0.0630    0.3412    0.4527    0.1431
    65      0.0001    0.0100    0.1137    0.8762
    66      0.6246    0.2849    0.0865    0.0041
    67      0.6518    0.2712    0.0738    0.0032
    68      0.0021    0.1136    0.4868    0.3975
    69      0.0634    0.3435    0.4548    0.1383
    70      0.0000    0.0030    0.0635    0.9335
    71      0.0008    0.0537    0.3358    0.6097
    72      0.0201    0.2871    0.5364    0.1564
    73      0.6246    0.2849    0.0865    0.0041
    74      0.0743    0.3759    0.4475    0.1022
    75      0.4340    0.3167    0.1951    0.0543
    76      0.7036    0.2452    0.0502    0.0010
    77      0.4889    0.3176    0.1642    0.0293
    78      0.0009    0.0607    0.3504    0.5880
    79      0.5556    0.3079    0.1247    0.0117
    80      0.6496    0.2725    0.0747    0.0032
    81      0.3839    0.4325    0.1743    0.0094
    82      0.3610    0.4398    0.1903    0.0090
    83      0.5419    0.3113    0.1328    0.0141
    84      0.0605    0.3352    0.4567    0.1475
    85      0.7403    0.2212    0.0378    0.0007
    86      0.3195    0.4393    0.2260    0.0153
    87      0.7036    0.2452    0.0502    0.0010
    88      0.4340    0.3167    0.1951    0.0543
    89      0.0202    0.2794    0.5132    0.1872
    90      0.8097    0.1736    0.0167    0.0000
    91      0.6518    0.2712    0.0738    0.0032
    92      0.6496    0.2725    0.0747    0.0032
    93      0.0980    0.4297    0.4144    0.0580
    94      0.2753    0.4248    0.2660    0.0338
    95      0.6736    0.2604    0.0638    0.0023
    96      0.4840    0.4096    0.1048    0.0016
    97      0.2917    0.4298    0.2513    0.0272
    98      0.3576    0.4384    0.1937    0.0103
    99      0.0209    0.1665    0.3872    0.4255
   100      0.0008    0.0527    0.3253    0.6212
   101      0.0000    0.0093    0.1502    0.8404
   102      0.0028    0.0719    0.3142    0.6111
   103      0.0001    0.0184    0.2122    0.7694
   104      0.0003    0.0310    0.2600    0.7087
   105      0.5334    0.3121    0.1379    0.0166
   106      0.0009    0.0305    0.1875    0.7811
   107      0.0152    0.2337    0.5047    0.2463
   108      0.4575    0.4195    0.1206    0.0024
   109      0.0009    0.0430    0.2924    0.6637
   110      0.0000    0.0064    0.1327    0.8609
   111      0.3321    0.4395    0.2149    0.0135
   112      0.0746    0.3724    0.4427    0.1104
   113      0.1008    0.4349    0.4092    0.0552
   114      0.6518    0.2712    0.0738    0.0032
   115      0.6246    0.2849    0.0865    0.0041
   116      0.6736    0.2604    0.0638    0.0023
   117      0.0072    0.1437    0.4360    0.4131
   118      0.8097    0.1736    0.0167    0.0000
   119      0.7403    0.2212    0.0378    0.0007
   120      0.1760    0.5257    0.2875    0.0109
   121      0.0023    0.1191    0.4881    0.3905
   122      0.4704    0.3183    0.1749    0.0363
   123      0.2956    0.4313    0.2479    0.0252
   124      0.6736    0.2604    0.0638    0.0023
   125      0.0016    0.0942    0.4581    0.4461
   126      0.4889    0.3176    0.1642    0.0293
   127      0.0018    0.1029    0.4686    0.4267
   128      0.0009    0.0629    0.3853    0.5510
   129      0.0000    0.0092    0.1469    0.8439
   130      0.3900    0.4356    0.1678    0.0066
   131      0.2471    0.4186    0.2929    0.0414
   132      0.0000    0.0016    0.0534    0.9450
   133      0.0003    0.0223    0.1904    0.7871
   134      0.4791    0.4144    0.1053    0.0012
   135      0.0014    0.0433    0.2332    0.7220
   136      0.0000    0.0006    0.0361    0.9632
   137      0.0409    0.1370    0.2706    0.5515
   138      0.2739    0.2637    0.2488    0.2136
   139      0.2579    0.2547    0.2499    0.2375
   140      0.2715    0.2624    0.2490    0.2171
   141      0.2678    0.2603    0.2493    0.2226
   142      0.0000    0.0004    0.0279    0.9717
   143      0.6736    0.2604    0.0638    0.0023
   144      0.0016    0.0961    0.4632    0.4391
   145      0.0075    0.1498    0.4510    0.3917
   146      0.0000    0.0002    0.0180    0.9818
   147      0.5026    0.4048    0.0919    0.0008
   148      0.6736    0.2604    0.0638    0.0023
   149      0.0039    0.1093    0.4358    0.4511
   150      0.0223    0.3064    0.5364    0.1349
   151      0.4704    0.3183    0.1749    0.0363
   152      0.0791    0.3848    0.4375    0.0985
   153      0.0000    0.0023    0.0705    0.9272
   154      0.0102    0.1919    0.5161    0.2818
   155      0.5419    0.3113    0.1328    0.0141
   156      0.0000    0.0023    0.0683    0.9293
   157      0.4704    0.3183    0.1749    0.0363
   158      0.7403    0.2212    0.0378    0.0007
   159      0.0267    0.3434    0.5349    0.0950
   160      0.0622    0.3390    0.4556    0.1433
   161      0.4063    0.4286    0.1582    0.0070
   162      0.2837    0.4280    0.2588    0.0295
   163      0.0000    0.0030    0.0753    0.9217
   164      0.0000    0.0000    0.0045    0.9955
   165      0.0118    0.1911    0.4582    0.3390
   166      0.6518    0.2712    0.0738    0.0032
   167      0.4340    0.3167    0.1951    0.0543
   168      0.0000    0.0046    0.0863    0.9090
   169      0.0000    0.0006    0.0273    0.9721
   170      0.0028    0.1335    0.5000    0.3637
   171      0.0000    0.0000    0.0028    0.9972
   172      0.0000    0.0005    0.0249    0.9745
   173      0.0000    0.0004    0.0222    0.9774
   174      0.0041    0.0972    0.3726    0.5261
   175      0.0003    0.0278    0.2448    0.7271
   176      0.0000    0.0006    0.0261    0.9734
   177      0.2620    0.2571    0.2497    0.2312
   178      0.0002    0.0178    0.1628    0.8192
   179      0.0000    0.0007    0.0407    0.9585
   180      0.0000    0.0000    0.0041    0.9959
   181      0.0001    0.0141    0.1694    0.8164
   182      0.0541    0.3166    0.4632    0.1661
   183      0.0002    0.0150    0.1501    0.8348
   184      0.0023    0.0635    0.2939    0.6403
   185      0.6349    0.2814    0.0807    0.0030
   186      0.6518    0.2712    0.0738    0.0032
   187      0.0000    0.0003    0.0181    0.9816
   188      0.0008    0.0642    0.4067    0.5283
   189      0.0819    0.3738    0.4186    0.1257
   190      0.0039    0.0960    0.3760    0.5240
   191      0.5334    0.3121    0.1379    0.0166
   192      0.0098    0.1797    0.4815    0.3290
   193      0.1674    0.5200    0.3003    0.0123
   194      0.0000    0.0045    0.1067    0.8888
   195      0.0636    0.3428    0.4539    0.1396
   196      0.1378    0.3212    0.3651    0.1759
   197      0.5419    0.3113    0.1328    0.0141
   198      0.2805    0.4309    0.2618    0.0268
   199      0.3301    0.4325    0.2182    0.0192
   200      0.6496    0.2725    0.0747    0.0032
   201      0.4340    0.3167    0.1951    0.0543
   202      0.0002    0.0213    0.1933    0.7853
   203      0.4704    0.3183    0.1749    0.0363
   204      0.6518    0.2712    0.0738    0.0032
   205      0.0006    0.0430    0.2852    0.6712
   206      0.4153    0.4282    0.1508    0.0057
   207      0.0338    0.3117    0.5237    0.1307
   208      0.6736    0.2604    0.0638    0.0023
   209      0.0009    0.0588    0.3466    0.5937
   210      0.5648    0.3056    0.1194    0.0103
   211      0.0000    0.0006    0.0277    0.9717
   212      0.1179    0.4645    0.3813    0.0363
   213      0.0120    0.2474    0.5736    0.1671
   214      0.0000    0.0030    0.0640    0.9330
   215      0.7036    0.2452    0.0502    0.0010
   216      0.0757    0.3841    0.4512    0.0890
   217      0.6518    0.2712    0.0738    0.0032
   218      0.0036    0.1647    0.5625    0.2692
   219      0.5556    0.3079    0.1247    0.0117
   220      0.4889    0.3176    0.1642    0.0293
   221      0.0844    0.3958    0.4319    0.0880
   222      0.1957    0.4655    0.3120    0.0269
   223      0.6496    0.2725    0.0747    0.0032
   224      0.6246    0.2849    0.0865    0.0041
   225      0.3113    0.4332    0.2336    0.0219
   226      0.4704    0.3183    0.1749    0.0363
   227      0.5648    0.3056    0.1194    0.0103
   228      0.2846    0.4272    0.2574    0.0309
   229      0.6736    0.2604    0.0638    0.0023
   230      0.6246    0.2849    0.0865    0.0041
   231      0.5334    0.3121    0.1379    0.0166
   232      0.0023    0.1241    0.5106    0.3629
   233      0.4704    0.3183    0.1749    0.0363
   234      0.6736    0.2604    0.0638    0.0023
   235      0.0014    0.0852    0.4351    0.4783
   236      0.0774    0.3818    0.4415    0.0993
   237      0.1054    0.4341    0.4009    0.0596
   238      0.6349    0.2814    0.0807    0.0030
   239      0.3213    0.4349    0.2248    0.0190
   240      0.0005    0.0386    0.2575    0.7034
   241      0.6349    0.2814    0.0807    0.0030
   242      0.6640    0.2671    0.0670    0.0020
   243      0.0117    0.2024    0.4976    0.2882
   244      0.0306    0.2195    0.4348    0.3151
   245      0.6518    0.2712    0.0738    0.0032
   246      0.4012    0.4341    0.1592    0.0055
   247      0.1735    0.3633    0.3509    0.1123
   248      0.0000    0.0017    0.0503    0.9480
   249      0.0006    0.0423    0.2732    0.6839
   250      0.0000    0.0020    0.0504    0.9476
   251      0.0027    0.0341    0.1555    0.8078
   252      0.2500    0.2500    0.2500    0.2500

   Site  Freq   Data    Rate (posterior mean & category)

      1     5  MMMMMMMMMMMMMMMMMM    0.210     1
      2     6  NNNNNNNNNNNNNNNNNN    0.318     1
      3     1  VVVTIIIIIIIIIIIIII    0.684     2
      4     1  LLLLLFFFFFFLLLLLLL    1.371     3
      5     1  GGGVVAAAATTAAAAAAA    1.331     3
      6     1  LLLLLVVIILLVVVLLLL    1.629     4
      7     1  VIITTTTTTTTTTTTTTT    0.745     2
      8     5  TTTTTTTTTTTTTTTTTT    0.266     1
      9     1  SSSSSSSSSSSSSSSSSS    0.250     1
     10     7  YYYYYYYYYYYYYYYYYY    0.301     1
     11     1  TTTTTTTTTTTSTTTTTT    0.470     2
     12    12  FFFFFFFFFFFFFFFFFF    0.286     1
     13     6  EEEEEEEEEEEEEEEEEE    0.452     1
     14     1  FFFFFFFFFFFLFLFFFF    0.862     3
     15     1  AAAAAAAAATTTTTTTTT    0.525     2
     16     1  LLLLLLLLLLLLLLFLFF    1.017     3
     17     4  IIIIIIIIIIIIIIIIII    0.246     1
     18     1  TTTTTTTCCAACCCSSSC    1.818     4
     19     5  MMMMMMMMMMMMMMMMMM    0.210     1
     20     1  IIIILIIIILLIIIIIII    0.727     2
     21     5  AAAAAAAAAAAAAAAAAA    0.290     1
     22     5  AAAAAAAAAAAAAAAAAA    0.290     1
     23     2  TTTTTTTTTSSSSSSSSS    0.476     2
     24     1  IILLLIIIIAALMMFFFI    2.302     4
     25     1  YYYYYYYYYFYYYYYYYY    0.574     2
     26    12  FFFFFFFFFFFFFFFFFF    0.286     1
     27     1  LVIFFFFVVIILLLLLLI    2.293     4
     28    11  LLLLLLLLLLLLLLLLLL    0.300     1
     29     6  EEEEEEEEEEEEEEEEEE    0.452     1
     30     3  RRRRRRRRRRRRRRRRRR    0.376     1
     31     1  YYYYYYYYYYYYYYHHHY    0.564     2
     32     1  RRRNNNNSSKKKKKKKKR    2.054     4
     33    11  LLLLLLLLLLLLLLLLLL    0.300     1
     34     1  SSSSSSSSSSSSSSNSSS    0.434     2
     35     1  DDDDDDDNNNNDDDDDDN    1.605     4
     36     1  EEEEEEEEEEEKKKKKKK    0.876     3
     37     7  YYYYYYYYYYYYYYYYYY    0.301     1
     38     4  KKKKKKKKKKKKKKKKKK    0.399     1
     39     1  PPPPPPPPPSSRSSSSSI    1.919     4
     40     1  VVVVVVVIIIIVIIIIIV    1.296     3
     41     1  SSSSSSSSGSSSSSSSSS    0.442     2
     42     1  TTTTTTTTTTTTTTSSSS    0.526     2
     43     1  FFFLLLLLLLLLLLLLLL    0.559     2
     44     5  AAAAAAAAAAAAAAAAAA    0.290     1
     45     1  IIIIIIIIIFFFFFFFFF    0.517     2
     46     1  LLLLLLLLLLLLIILLLL    0.801     3
     47     5  TTTTTTTTTTTTTTTTTT    0.266     1
     48     1  TTTTTTTTTTTVVVTTTT    0.464     2
     49     1  SAAAAAASSFFAAAAAAS    2.023     4
     50    11  LLLLLLLLLLLLLLLLLL    0.300     1
     51     5  AAAAAAAAAAAAAAAAAA    0.290     1
     52     1  VVVVVVVVVVVIIIVVVV    0.379     1
     53     1  IIIVVVVIIIIVIIIIII    0.686     2
     54     6  EEEEEEEEEEEEEEEEEE    0.452     1
     55     7  YYYYYYYYYYYYYYYYYY    0.301     1
     56     1  FFFYYYYFFYYLFFYYYY    1.743     4
     57     1  NNNNNHHNNNNGGGQQKQ    1.966     4
     58     5  MMMMMMMMMMMMMMMMMM    0.210     1
     59     1  RRRRKRRRSRRRRSSSSQ    2.223     4
     60     1  EEEDDDDDDEEDEEDDDI    2.263     4
     61    12  FFFFFFFFFFFFFFFFFF    0.286     1
     62    12  FFFFFFFFFFFFFFFFFF    0.286     1
     63     1  TTTTTSSTTSSDDDDDDE    1.850     4
     64     1  IIILLLLLLLLLLLLLLV    0.966     3
     65     1  EEEEEEEEESSQEEEEKN    2.209     4
     66     6  NNNNNNNNNNNNNNNNNN    0.318     1
     67    11  LLLLLLLLLLLLLLLLLL    0.300     1
     68     1  SSSSSSSSSDNNTTSSSS    1.490     3
     69     1  KKKKKKKKKNNSSSSSSS    0.957     3
     70     1  PASDDDDEDPPAAAPPPP    2.293     4
     71     1  DDDTTNNNNNNDNNSSSN    1.816     4
     72     1  LLLLLLLLLIIVVVVVVI    1.049     3
     73     6  NNNNNNNNNNNNNNNNNN    0.318     1
     74     1  FFFYYYYYYYYFYYYYYY    0.881     3
     75     4  PPPPPPPPPPPPPPPPPP    0.535     1
     76     5  TTTTTTTTTTTTTTTTTT    0.266     1
     77     6  EEEEEEEEEEEEEEEEEE    0.452     1
     78     1  YFFYYFFYYYYYFFFFFF    1.783     4
     79     3  RRRRRRRRRRRRRRRRRR    0.376     1
     80     7  YYYYYYYYYYYYYYYYYY    0.301     1
     81     1  IIIIIIIIIIILLLIIII    0.455     2
     82     1  TTTTTTTTTTTTITTTTT    0.471     2
     83     3  WWWWWWWWWWWWWWWWWW    0.389     1
     84     1  LLLLLLLLLFFVLLLLLL    0.977     3
     85     4  IIIIIIIIIIIIIIIIII    0.246     1
     86     1  AAAAAAAAAAASSSAAAA    0.516     2
     87     5  TTTTTTTTTTTTTTTTTT    0.266     1
     88     4  PPPPPPPPPPPPPPPPPP    0.535     1
     89     1  ILLIIIIIIIILIILLLI    1.096     3
     90     5  MMMMMMMMMMMMMMMMMM    0.210     1
     91    11  LLLLLLLLLLLLLLLLLL    0.300     1
     92     7  YYYYYYYYYYYYYYYYYY    0.301     1
     93     1  TTTTTTTTTTTTTTIIIM    0.771     2
     94     1  YYYYYYYYYFFFFFFFFF    0.587     2
     95    12  FFFFFFFFFFFFFFFFFF    0.286     1
     96     1  VVVVVVVVAVVVVVVVVV    0.370     1
     97     1  LLLLLLLLLIILLLLLLL    0.561     2
     98     2  TTTTTTTTTSSSSSSSSS    0.476     2
     99     1  KKKKKKKKRKKGGGGGGG    1.485     4
    100     1  LLLFFFFLLIIFFFFFFM    1.833     4
    101     1  SSSNNNNSNYYNNNYYYH    2.160     4
    102     1  RRRKKKKKKKKNRRKKKK    1.807     4
    103     1  YYHTTTTTSTTIIISSST    2.057     4
    104     1  AAAQQQQNNNNYYYHHHH    1.966     4
    105     4  KKKKKKKKKKKKKKKKKK    0.399     1
    106     1  PPPLPPPPPIIKKKKKKK    2.066     4
    107     1  IIIIIIIIVIITTTTTTI    1.206     3
    108     1  VVVVVVVVVVVAAAVVVV    0.389     1
    109     1  IIIIIIIIISSILLMMMI    1.897     4
    110     1  LLLILLLLLIIIVVTTTS    2.190     4
    111     1  TTTTTTTTTAATTTTTTT    0.502     2
    112     1  IIIIIIIILLLLLLLLLL    0.894     3
    113     1  SSSSSSSSSSSLCCSSSS    0.762     2
    114    11  LLLLLLLLLLLLLLLLLL    0.300     1
    115     6  NNNNNNNNNNNNNNNNNN    0.318     1
    116    12  FFFFFFFFFFFFFFFFFF    0.286     1
    117     1  LLLLLLLSLLLTAAAAAA    1.491     3
    118     5  MMMMMMMMMMMMMMMMMM    0.210     1
    119     4  IIIIIIIIIIIIIIIIII    0.246     1
    120     1  VTTVVVVVVVVIVVVVVV    0.588     2
    121     1  SSSSSSSTSSSASSTTTA    1.477     3
    122     6  GGGGGGGGGGGGGGGGGG    0.478     1
    123     1  YYYYYYYYYYYFFFYYYY    0.554     2
    124    12  FFFFFFFFFFFFFFFFFF    0.286     1
    125     1  SSSAAAAASSSSAAAAAA    1.568     3
    126     6  EEEEEEEEEEEEEEEEEE    0.452     1
    127     1  SSSSSSSSASSIMTTTTT    1.536     3
    128     1  AAASSSSTTSSSSSTTST    1.730     4
    129     1  YYYYYQHYFFFFFFYYYF    2.165     4
    130     1  SSSSSLLSSSSSSSSSSS    0.445     2
    131     1  NNNNNNNNNNNRNNNNNN    0.625     2
    132     1  GGGNNNNGGSSNNNDNKK    2.309     4
    133     1  WWWTTVVLLTTLLLLLLL    2.079     4
    134     1  MMMMMMMMMMMAAAMMMM    0.371     1
    135     1  PPPSSPPPPPPSSSNNNP    1.977     4
    136     1  MMIIIVVIILLLFFFFFV    2.335     4
    137     1  VVI---------------    1.658     4
    138     1  SSS---------------    0.922     1
    139     1  GGG---------------    0.973     1
    140     1  TTT---------------    0.929     1
    141     1  YYY---------------    0.941     1
    142     1  VVVTVSTVVYYDNNNNNS    2.347     4
    143    12  FFFFFFFFFFFFFFFFFF    0.286     1
    144     1  SSSSSTASVSSTSSSSSS    1.557     3
    145     1  YYYYYYYYYYYLLLIIIF    1.458     3
    146     1  FFFLSSSSSIMIIITITL    2.361     4
    147     1  LLLMMMMMMMMMMMMMMM    0.356     1
    148    12  FFFFFFFFFFFFFFFFFF    0.286     1
    149     1  GGGAAAAAAIIAAAAAAS    1.565     4
    150     1  VVVVVTTVTIIIIIIIII    1.007     3
    151     6  GGGGGGGGGGGGGGGGGG    0.478     1
    152     1  MTTFFFFFFFFFFFFFFF    0.867     3
    153     1  AAAIAAAAAGGSSSVVIF    2.284     4
    154     1  CCCSSSSCCSSACCCCCC    1.282     3
    155     3  WWWWWWWWWWWWWWWWWW    0.389     1
    156     1  VAALLLLIILLLVILLLL    2.287     4
    157     6  GGGGGGGGGGGGGGGGGG    0.478     1
    158     4  IIIIIIIIIIIIIIIIII    0.246     1
    159     1  IIIVVVVVILLVVVVVVV    0.929     3
    160     1  YYYFFFFFYYYYYYYYYY    0.968     3
    161     1  IIIIIIIIIIIIIIIIIV    0.435     2
    162     1  FFFFFFFFFFFYYYYYYY    0.572     2
    163     1  IIISLSSMSNNNNNTTTT    2.276     4
    164     1  KKKRRSSSVFFFSSKKKI    2.380     4
    165     1  VVVTTTTTTIIVVVYYYY    1.360     3
    166    11  LLLLLLLLLLLLLLLLLL    0.300     1
    167     4  PPPPPPPPPPPPPPPPPP    0.535     1
    168     1  GGGKKKKKKKKSSSQQEN    2.258     4
    169     1  HQQLLLLLLVVYYYEEQE    2.347     4
    170     1  VVVIIIIVVIILVVLLLV    1.432     3
    171     1  VVANNNNSKQQSAAEEEN    2.382     4
    172     1  KKKNNNNADRAKKKLLLK    2.351     4
    173     1  VVVQQEEQQNNVVVAASL    2.355     4
    174     1  NNNNNNNNNNNKKKPPPD    1.675     4
    175     1  DDDNNNNNNVVSSSSSSR    1.993     4
    176     1  QQQPPPPAANNSKKKKKP    2.349     4
    177     1  RRR---------------    0.960     1
    178     1  NNNNNNNGGGGENNNNNE    2.126     4
    179     1  SASNNNNTTAMQQQQQQK    2.328     4
    180     1  DDDAALLNSIMKKKKKKI    2.381     4
    181     1  YYYIIIINNHHYYYDDDD    2.124     4
    182     1  CCCCCCCCCIILLLLLLL    1.018     3
    183     1  LLLLLLLLLQQQKKGGGN    2.149     4
    184     1  KKKKKKKKKNNSHHKKKK    1.852     4
    185     3  CCCCCCCCCCCCCCCCCC    0.309     1
    186    11  LLLLLLLLLLLLLLLLLL    0.300     1
    187     1  GSSSSSSGSSSGEENNNK    2.361     4
    188     1  FFFVVVVVVIISSSIIIV    1.698     4
    189     1  VVVVVVVLLVVLLLLLLL    0.908     3
    190     1  QQQQQQQQQNNAAAGGGG    1.673     4
    191     4  KKKKKKKKKKKKKKKKKK    0.399     1
    192     1  LLLLLLLLLFFIIILLLF    1.354     3
    193     1  IIIVVVVVVIIVVVVVVV    0.601     2
    194     1  IIIIITTLIVVTTTLLVL    2.230     4
    195     1  YYYFFYYYYYYFFFFFFF    0.959     3
    196     1  GGGGGGGGGGGSGGGGGG    0.957     3
    197     3  WWWWWWWWWWWWWWWWWW    0.389     1
    198     1  AAAAAAAAAAALLLAAAA    0.570     2
    199     1  IIIIIIIIIIIIIILLLL    0.515     2
    200     7  YYYYYYYYYYYYYYYYYY    0.301     1
    201     4  PPPPPPPPPPPPPPPPPP    0.535     1
    202     1  LLLVIVVLLLLIAAAAAA    2.077     4
    203     6  GGGGGGGGGGGGGGGGGG    0.478     1
    204    11  LLLLLLLLLLLLLLLLLL    0.300     1
    205     1  FFFFFFFFFVAVLLFFFF    1.907     4
    206     1  VVVIIIIIIIIIIIIIII    0.425     2
    207     1  SSSTTTTTTSSSSSTTTT    0.989     3
    208    12  FFFFFFFFFFFFFFFFFF    0.286     1
    209     1  WWWFFFFFFYYYYYFFYF    1.792     4
    210     2  DDDDDDDDDDDDDDDDDD    0.367     1
    211     1  GGGGNSSAPSSPPPPPPP    2.347     4
    212     1  ATASSSSSSSSSSSSSSS    0.706     2
    213     1  SSSVVVVVVVVLAVVVVV    1.092     3
    214     1  DEDGGEEEDEEEEEDDDE    2.292     4
    215     5  TTTTTTTTTTTTTTTTTT    0.266     1
    216     1  AAAAAAAAAAASAAAAAG    0.857     3
    217    11  LLLLLLLLLLLLLLLLLL    0.300     1
    218     1  MMMTTTTVTTTMMMTTTM    1.284     3
    219     3  RRRRRRRRRRRRRRRRRR    0.376     1
    220     6  EEEEEEEEEEEEEEEEEE    0.452     1
    221     1  MMMIIIIIIIILLLLLLL    0.842     3
    222     1  IIIIIIIIIIIIVVIIII    0.625     2
    223     7  YYYYYYYYYYYYYYYYYY    0.301     1
    224     6  NNNNNNNNNNNNNNNNNN    0.318     1
    225     1  FFFFFFFFFFFLLLFFFF    0.535     2
    226     6  GGGGGGGGGGGGGGGGGG    0.478     1
    227     2  DDDDDDDDDDDDDDDDDD    0.367     1
    228     1  LLLCCCCLLLLLLLLLLL    0.574     2
    229    12  FFFFFFFFFFFFFFFFFF    0.286     1
    230     6  NNNNNNNNNNNNNNNNNN    0.318     1
    231     4  KKKKKKKKKKKKKKKKKK    0.399     1
    232     1  VVVVVVVIIVVIIIVIIM    1.436     3
    233     6  GGGGGGGGGGGGGGGGGG    0.478     1
    234    12  FFFFFFFFFFFFFFFFFF    0.286     1
    235     1  AAAAAAASSSSVVVSSSA    1.617     4
    236     1  LLLLLLLLLLLVIILLLL    0.871     3
    237     1  IIIIIIIIITTIIIIIIV    0.765     2
    238     3  CCCCCCCCCCCCCCCCCC    0.309     1
    239     1  FFFFFFFFFFFYFFFFFF    0.522     2
    240     1  SSSAAAAFFLLFFFLLLF    1.954     4
    241     3  CCCCCCCCCCCCCCCCCC    0.309     1
    242     5  AAAAAAAAAAAAAAAAAA    0.290     1
    243     1  KKKKKKKKKAAIVVVVVV    1.284     3
    244     1  KKKKKKKKRRRKKKKKKK    1.296     3
    245    11  LLLLLLLLLLLLLLLLLL    0.300     1
    246     1  SSSSSSSSSSSSSSSTSS    0.434     2
    247     1  KKKKKKKK-RRKKKKKKK    0.816     2
    248     1  KKKKKQQA-NNLLLNNNQ    2.313     4
    249     1  SSSTTTTS-TTRRREEES    1.925     4
    250     1  ---TIVVV---NNNAAAQ    2.313     4
    251     1  ------L-------KKKS    2.100     4
    252     1  ------I-----------    1.000     1

lnL =  -3138.424373

mean(r^)=   0.9996  var(r^)=   0.5365
Accuracy of rate prediction: corr(r^,r) =   0.7324
